1 19 #SUP: 28
1 19 41 #SUP: 24
1 19 53 #SUP: 26
1 20 #SUP: 31
1 20 41 #SUP: 24
1 20 27 #SUP: 25
1 8 #SUP: 34
1 8 53 #SUP: 28
1 8 41 53 #SUP: 25
1 8 41 #SUP: 30
1 8 27 #SUP: 30
1 8 27 41 #SUP: 30
1 8 27 53 #SUP: 25
1 8 27 41 53 #SUP: 25
1 8 13 #SUP: 32
1 8 13 53 #SUP: 26
1 8 13 41 #SUP: 28
1 8 13 27 #SUP: 28
1 8 13 27 41 #SUP: 28
1 21 #SUP: 32
1 21 41 #SUP: 25
1 21 27 #SUP: 25
1 21 27 41 #SUP: 25
1 21 53 #SUP: 27
2 52 #SUP: 24
1 52 #SUP: 32
1 42 45 #SUP: 24
1 41 42 45 #SUP: 24
1 27 42 45 #SUP: 24
1 27 41 42 45 #SUP: 24
1 14 42 #SUP: 24
1 14 41 42 #SUP: 24
1 14 27 42 #SUP: 24
1 14 27 41 42 #SUP: 24
1 42 #SUP: 47
1 42 53 #SUP: 44
1 41 42 53 #SUP: 44
1 41 42 #SUP: 46
1 27 42 #SUP: 46
1 27 41 42 #SUP: 46
1 27 42 53 #SUP: 44
1 27 41 42 53 #SUP: 44
1 44 #SUP: 33
1 41 44 #SUP: 24
2 44 #SUP: 37
2 #SUP: 71
2 6 #SUP: 25
2 13 #SUP: 28
2 46 #SUP: 31
2 41 46 #SUP: 24
2 48 #SUP: 32
2 45 #SUP: 40
2 45 53 #SUP: 24
2 27 #SUP: 40
2 27 53 #SUP: 32
2 27 41 53 #SUP: 28
2 27 41 #SUP: 36
2 14 #SUP: 41
2 14 27 #SUP: 27
2 14 27 41 #SUP: 25
2 14 41 #SUP: 28
2 14 53 #SUP: 29
2 41 #SUP: 46
2 53 #SUP: 47
2 41 53 #SUP: 33
1 7 48 #SUP: 24
1 7 43 #SUP: 27
1 7 46 #SUP: 26
1 7 46 53 #SUP: 25
1 7 45 #SUP: 32
1 7 27 45 #SUP: 24
1 7 45 53 #SUP: 27
1 7 13 #SUP: 38
1 7 13 41 #SUP: 29
1 7 13 27 #SUP: 30
1 7 13 27 41 #SUP: 28
1 7 13 27 53 #SUP: 29
1 7 13 27 41 53 #SUP: 28
1 7 13 53 #SUP: 35
1 7 13 41 53 #SUP: 29
1 7 #SUP: 58
1 7 41 #SUP: 45
1 7 27 #SUP: 46
1 7 27 41 #SUP: 43
1 7 27 53 #SUP: 45
1 7 27 41 53 #SUP: 43
1 7 53 #SUP: 52
1 7 41 53 #SUP: 44
1 13 47 #SUP: 30
1 13 41 47 #SUP: 24
1 13 27 47 #SUP: 25
1 13 27 41 47 #SUP: 24
1 43 47 #SUP: 32
1 41 43 47 #SUP: 25
1 27 43 47 #SUP: 25
1 14 47 #SUP: 26
1 46 47 #SUP: 37
1 46 47 53 #SUP: 26
1 41 46 47 #SUP: 27
1 27 46 47 #SUP: 27
1 27 41 46 47 #SUP: 25
1 47 #SUP: 58
1 47 53 #SUP: 43
1 41 47 53 #SUP: 38
1 41 47 #SUP: 46
1 27 47 #SUP: 47
1 27 47 53 #SUP: 39
1 27 41 47 53 #SUP: 37
1 27 41 47 #SUP: 44
1 6 43 #SUP: 32
1 6 43 53 #SUP: 24
1 6 27 43 #SUP: 26
1 6 27 41 43 #SUP: 25
1 6 41 43 #SUP: 27
1 6 14 43 #SUP: 29
1 6 14 27 43 #SUP: 24
1 6 14 41 43 #SUP: 25
1 6 46 #SUP: 34
1 6 46 53 #SUP: 24
1 6 27 46 #SUP: 26
1 6 27 41 46 #SUP: 24
1 6 41 46 #SUP: 27
1 6 14 46 #SUP: 33
1 6 14 46 53 #SUP: 24
1 6 14 27 46 #SUP: 26
1 6 14 27 41 46 #SUP: 24
1 6 14 41 46 #SUP: 27
1 6 #SUP: 56
1 6 53 #SUP: 40
1 6 41 53 #SUP: 39
1 6 41 #SUP: 48
1 6 27 #SUP: 48
1 6 27 41 #SUP: 45
1 6 27 53 #SUP: 37
1 6 27 41 53 #SUP: 37
1 6 14 #SUP: 52
1 6 14 53 #SUP: 38
1 6 14 41 53 #SUP: 37
1 6 14 41 #SUP: 45
1 6 14 27 #SUP: 45
1 6 14 27 41 #SUP: 42
1 6 14 27 53 #SUP: 35
1 6 14 27 41 53 #SUP: 35
1 13 48 #SUP: 31
1 13 27 48 #SUP: 25
1 13 27 41 48 #SUP: 25
1 13 27 48 53 #SUP: 24
1 13 27 41 48 53 #SUP: 24
1 13 41 48 #SUP: 26
1 13 48 53 #SUP: 28
1 13 41 48 53 #SUP: 25
1 43 45 48 #SUP: 26
1 43 48 #SUP: 36
1 27 43 48 #SUP: 29
1 27 41 43 48 #SUP: 29
1 27 43 48 53 #SUP: 25
1 27 41 43 48 53 #SUP: 25
1 43 48 53 #SUP: 30
1 41 43 48 53 #SUP: 26
1 41 43 48 #SUP: 30
1 14 48 #SUP: 34
1 14 48 53 #SUP: 25
1 14 41 48 #SUP: 29
1 14 27 48 #SUP: 29
1 14 27 41 48 #SUP: 28
1 48 53 #SUP: 55
1 41 48 53 #SUP: 50
1 27 48 #SUP: 56
1 27 41 48 #SUP: 55
1 27 48 53 #SUP: 48
1 27 41 48 53 #SUP: 48
1 41 48 #SUP: 57
1 45 48 #SUP: 46
1 45 48 53 #SUP: 38
1 41 45 48 53 #SUP: 34
1 27 45 48 #SUP: 38
1 27 41 45 48 #SUP: 38
1 27 45 48 53 #SUP: 33
1 27 41 45 48 53 #SUP: 33
1 41 45 48 #SUP: 39
1 13 43 #SUP: 37
1 13 43 53 #SUP: 30
1 13 41 43 53 #SUP: 25
1 13 41 43 #SUP: 30
1 13 27 43 #SUP: 32
1 13 27 43 53 #SUP: 26
1 13 27 41 43 53 #SUP: 25
1 13 27 41 43 #SUP: 30
1 13 46 #SUP: 34
1 13 41 46 #SUP: 27
1 13 27 46 #SUP: 28
1 13 27 46 53 #SUP: 25
1 13 27 41 46 53 #SUP: 24
1 13 27 41 46 #SUP: 27
1 13 46 53 #SUP: 29
1 13 41 46 53 #SUP: 24
1 13 45 #SUP: 42
1 13 41 45 #SUP: 35
1 13 27 45 #SUP: 35
1 13 27 41 45 #SUP: 34
1 13 27 45 53 #SUP: 31
1 13 27 41 45 53 #SUP: 31
1 13 45 53 #SUP: 36
1 13 41 45 53 #SUP: 32
1 13 #SUP: 76
1 13 41 #SUP: 62
1 13 27 #SUP: 63
1 13 27 53 #SUP: 56
1 13 27 41 53 #SUP: 55
1 13 27 41 #SUP: 61
1 13 53 #SUP: 65
1 13 41 53 #SUP: 56
1 43 46 #SUP: 43
1 27 43 46 #SUP: 32
1 27 43 46 53 #SUP: 30
1 27 41 43 46 53 #SUP: 29
1 27 41 43 46 #SUP: 31
1 41 43 46 #SUP: 34
1 43 46 53 #SUP: 35
1 41 43 46 53 #SUP: 31
1 43 45 #SUP: 46
1 43 45 53 #SUP: 35
1 41 43 45 53 #SUP: 31
1 41 43 45 #SUP: 38
1 27 43 45 #SUP: 41
1 27 43 45 53 #SUP: 32
1 27 41 43 45 53 #SUP: 31
1 27 41 43 45 #SUP: 38
1 14 43 #SUP: 51
1 14 43 53 #SUP: 39
1 14 41 43 53 #SUP: 36
1 14 27 43 #SUP: 40
1 14 27 43 53 #SUP: 35
1 14 27 41 43 53 #SUP: 34
1 14 27 41 43 #SUP: 38
1 14 41 43 #SUP: 41
1 43 #SUP: 89
1 43 53 #SUP: 70
1 41 43 53 #SUP: 62
1 41 43 #SUP: 72
1 27 43 #SUP: 73
1 27 43 53 #SUP: 62
1 27 41 43 53 #SUP: 60
1 27 41 43 #SUP: 69
1 14 46 #SUP: 46
1 14 46 53 #SUP: 33
1 14 41 46 53 #SUP: 32
1 14 27 46 #SUP: 35
1 14 27 41 46 #SUP: 33
1 14 27 46 53 #SUP: 30
1 14 27 41 46 53 #SUP: 30
1 14 41 46 #SUP: 38
1 46 #SUP: 82
1 46 53 #SUP: 64
1 41 46 53 #SUP: 58
1 27 46 #SUP: 65
1 27 46 53 #SUP: 57
1 27 41 46 53 #SUP: 56
1 27 41 46 #SUP: 62
1 41 46 #SUP: 67
1 14 45 #SUP: 42
1 14 45 53 #SUP: 34
1 14 41 45 53 #SUP: 32
1 14 41 45 #SUP: 37
1 14 27 45 #SUP: 39
1 14 27 45 53 #SUP: 33
1 14 27 41 45 53 #SUP: 32
1 14 27 41 45 #SUP: 37
1 45 #SUP: 87
1 45 53 #SUP: 73
1 41 45 53 #SUP: 67
1 41 45 #SUP: 75
1 27 45 #SUP: 77
1 27 45 53 #SUP: 67
1 27 41 45 53 #SUP: 66
1 27 41 45 #SUP: 74
1 14 #SUP: 88
1 14 53 #SUP: 67
1 14 41 53 #SUP: 64
1 14 27 #SUP: 74
1 14 27 53 #SUP: 63
1 14 27 41 53 #SUP: 62
1 14 27 41 #SUP: 70
1 14 41 #SUP: 75